243,130
302,132
361,130
420,132
479,130
544,132
211,183
331,183
450,183
570,183
185,232
245,234
305,232
360,234
425,232
480,234
545,232
600,234
152,288
271,288
394,288
511,288
630,288
126,338
183,338
245,338
303,338
364,338
421,338
487,338
539,338
601,338
660,338
94,390
212,390
331,390
451,390
570,390
690,390
121,441
185,441
240,441
304,441
361,441
425,441
482,441
542,441
601,441
664,441
151,495
270,495
390,495
509,495
631,495
180,544
245,544
303,544
365,544
423,544
485,544
540,544
605,544
212,598
331,598
451,598
570,598
240,648
305,648
365,648
425,648
488,648
545,648